co2_air_perc <- 0.04
co2_mass <- 44.011