co2_air_perc<- 0.04